13 2 * 9 * 11 5 12 8 * 3 15 * 14 1
11 15 2 7 * 9 * 10 6 * 1 13 4 * 14
3 * 9 14 15 1 10 2 * 12 8 5 11 4 6
* 10 12 2 3 4 13 5 1 * 11 8 14 * 9
1 5 7 * * 14 8 15 11 10 6 * 9 2 4
8 12 14 * 5 * * 7 3 2 13 * 1 * 11
12 * 3 * 9 10 4 * 7 6 * * 5 13 *
10 14 1 6 7 * 2 9 * * 15 * * 11 13
* * 15 5 * 7 1 8 4 3 14 11 2 10 12
15 4 6 11 12 13 7 14 10 * 5 2 * 1 *
4 8 * * * * 11 3 14 13 9 6 12 5 7
2 6 * 13 14 15 9 1 12 11 7 4 10 3 5
5 9 11 1 2 3 12 * * 14 * 7 * 6 8
7 11 13 * * 5 14 6 2 1 12 9 15 8 10
* 3 5 10 11 * 6 13 9 8 * * 7 15 2
