16 10 17 25 21 8 15 * 2 11 3 * 20 18 19 6 12 13 4 * * 5 9 23 14
24 18 25 8 4 * * 15 10 * 11 * 3 1 * * 20 21 12 * 9 * 17 6 *
2 * 3 11 * 19 1 18 * 22 14 10 6 * * 17 23 24 * 8 12 16 * 9 25
* 3 * 18 14 1 * 25 20 4 * * * 11 12 24 5 * * 15 19 23 2 16 7
* * 15 23 * * 13 5 25 9 1 * 18 16 17 * 10 11 2 20 * * 7 21 12
10 4 11 19 15 2 9 1 21 5 22 18 14 * 13 25 6 7 * 16 20 * 3 17 *
* 6 13 21 17 * 11 3 23 7 24 20 16 14 * 2 * 9 25 18 22 * 5 19 *
8 2 9 * 13 25 * 24 19 3 * * 12 * 11 23 4 5 21 * 18 22 * 15 6
5 24 * * 10 22 4 21 16 25 17 13 9 * 8 20 1 2 * 11 * 19 * * 3
22 16 23 6 2 14 * 13 * 17 * 5 * * * 12 18 19 10 3 * 11 15 * 20
* 12 * * 23 10 * * 4 * 5 1 * 20 21 8 14 15 * 24 3 7 11 25 *
3 22 4 12 8 20 * 19 14 * * * 7 5 6 18 24 25 * * 13 17 21 10 *
15 9 16 24 20 7 14 6 1 10 2 * 19 17 18 5 11 * * 21 * 4 8 22 13
1 20 * 10 6 18 25 17 12 21 13 * * 3 4 16 22 * 14 * * 15 * 8 24
25 * 1 9 5 * 24 16 * * 12 * 4 * 3 * * 22 13 6 10 14 * * 23
* * * * 11 * 5 22 * 1 18 14 10 8 * 21 * 3 19 12 * 20 24 13 4
23 17 24 * 3 15 * * 9 18 * 6 2 * 1 13 19 * 11 4 8 12 * * 21
17 * 18 1 22 9 16 8 3 12 4 25 * * 20 7 13 14 5 23 2 6 10 24 *
20 * * * 25 * 19 * * 15 7 3 24 22 * * 16 17 8 1 * 9 13 2 18
* 1 8 16 12 24 6 23 * 2 19 15 11 9 10 22 3 4 20 * 17 21 * 14 5
21 * 22 * 1 13 20 * * * * 4 25 23 24 * * 18 * 2 6 10 14 3 19
13 7 14 * * 5 12 4 * * 25 21 17 15 16 3 9 10 * 19 * 2 6 20 11
* 23 5 * 9 * 3 20 15 24 * 12 8 6 7 19 * 1 17 * 14 18 * 11 2
* 13 20 * 24 11 * 10 5 14 6 2 23 21 22 9 15 16 7 25 4 8 12 1 *
* 5 12 20 16 3 * 2 22 6 23 19 15 * 14 1 * 8 24 17 21 25 * * 9
